0.0 8538.6
1.0 9051.2
2.0 9592.2
3.0 10192.3
4.1 10827.1
5.1 11498.3
6.2 12207.7
7.2 12957.4
8.2 13710.6
9.2 14504.0
10.3 15339.4
11.3 16219.0
12.3 17144.6
13.3 18118.5
14.3 19142.9
15.3 20220.0
16.3 21352.4
17.3 22542.4
18.3 23792.6
19.3 25105.7
20.3 26484.4
21.3 27931.6
22.3 29450.1
23.3 31043.1
24.3 32713.6
25.3 34464.9
26.3 36300.2
27.3 38222.9
28.3 40236.6
29.3 42344.8
30.3 44551.2
31.3 46859.6
32.3 49397.2
33.4 52056.0
34.4 54840.5
35.5 57755.5
36.5 60805.6
37.6 63995.6
38.6 67330.4
39.6 70814.8
40.7 74453.7
41.7 78251.8
42.8 82214.0
43.8 86344.8
44.9 90648.9
45.9 95130.7
47.0 99794.3
48.0 104643.7
49.1 109682.6
50.1 114914.3
51.2 120341.6
52.2 125966.8
53.3 131791.8
54.3 137817.6
55.4 144044.6
56.4 150472.3
57.5 157099.1
58.5 163922.5
59.6 170938.5
60.6 178142.1
61.7 185526.6
62.7 193083.7
63.8 200803.3
64.8 208673.5
65.9 216680.2
66.9 224807.5
68.0 233036.7
69.0 241347.0
70.1 249715.2
71.1 258115.3
72.2 266519.0
73.2 274895.1
74.3 283210.3
75.3 291428.7
76.4 299512.0
77.4 307420.1
78.5 315111.1
79.5 322541.7
80.6 329667.5
81.6 336443.7
82.7 342825.7
83.7 348769.2
84.8 354231.5
85.8 359171.8
86.9 363551.9
87.9 367337.1
89.0 370496.5
90.0 373004.1
91.1 374839.1
92.1 375986.4
93.2 376436.7
94.2 376187.5
95.3 375242.5
96.3 373611.7
97.4 371311.7
98.4 368364.7
99.5 364798.8
100.5 360646.8
101.6 355946.1
102.6 350737.8
103.7 345065.8
104.7 338976.1
105.8 332516.3
106.8 325734.4
107.9 318678.4
108.9 311395.6
110.0 303931.9
111.0 296331.4
112.1 288635.8
113.1 280884.4
114.2 273113.5
115.2 265356.5
116.3 257643.5
117.3 250001.7
118.4 242455.1
119.4 235024.5
120.5 227728.0
121.5 220580.8
122.6 213595.5
123.6 206782.4
124.7 200149.6
125.7 193703.0
126.8 187446.9
127.8 181383.9
128.8 175790.2
129.8 170372.8
130.8 165130.7
131.8 160062.2
132.8 155165.0
133.8 150436.3
134.8 145872.6
135.8 141470.3
136.8 137225.4
137.8 133133.7
138.8 129190.6
139.8 125391.7
140.8 121732.4
141.8 118208.0
142.8 114813.8
143.8 111545.3
144.8 108397.9
145.8 105367.0
146.8 102448.3
147.8 99637.3
148.8 96929.9
149.8 94322.0
150.9 91809.6
151.9 89388.9
152.9 87056.0
153.9 84807.5
154.9 82639.8
155.9 80549.7
156.9 78533.8
157.9 76589.3
158.9 74713.0
159.9 72902.2
160.9 71154.1
161.9 69466.2
162.9 67836.0
163.9 66261.1
164.9 64739.2
165.9 63268.1
166.9 61845.9
167.9 60470.4
168.9 59139.8
169.9 57852.4
170.9 56606.2
171.9 55399.8
172.9 54231.6
173.9 53099.9
174.9 52003.5
175.9 50940.9
176.9 49910.8
177.9 48911.9
178.9 47943.1
179.9 47003.2
180.9 46091.2
181.9 45205.9
182.9 44346.5
183.9 43511.8
184.9 42701.1
185.9 41913.5
186.9 41148.0
187.9 40404.0
188.9 39680.7
189.9 38977.2
190.9 38293.1
191.9 37627.4
192.9 36979.7
193.9 36349.3
194.9 35735.6
195.9 35138.1
196.9 34556.2
197.9 33989.4
198.9 33437.2
199.9 32899.1
200.9 32374.6
201.9 31863.4
202.9 31365.0
203.9 30879.0
204.9 30405.0
205.9 29942.7
206.9 29491.6
207.9 29051.4
208.9 28621.9
209.9 28202.6
210.9 27793.3
211.9 27393.6
212.9 27003.4
213.9 26622.3
214.9 26250.0
215.9 25886.3
216.9 25531.0
217.9 25183.7
218.9 24844.4
219.9 24512.7
220.9 24188.5
221.9 23871.5
222.9 23561.6
223.9 23258.5
224.9 22962.1
225.9 22672.2
226.9 22388.7
227.9 22111.3
228.9 21839.9
229.9 21574.3
230.9 21314.4
231.9 21060.1
232.9 20811.2
233.9 20567.5
234.9 20329.0
235.9 20095.6
236.9 19867.0
237.9 19643.1
238.9 19424.0
239.9 19209.3
240.9 18999.1
241.9 18793.3
242.9 18591.6
243.9 18394.1
244.9 18200.7
245.9 18011.2
246.9 17825.5
247.9 17643.6
248.9 17465.3
249.9 17290.7
250.9 17119.6
251.9 16951.9
252.9 16787.6
253.9 16626.6
254.9 16468.8
255.9 16314.1
256.9 16162.6
257.9 16014.0
258.9 15868.5
259.9 15725.8
260.9 15585.9
261.9 15448.9
262.9 15314.5
263.9 15182.8
264.9 15053.8
265.9 14927.2
266.9 14803.2
267.9 14681.7
268.9 14562.6
269.9 14445.8
270.9 14331.4
271.9 14219.3
272.9 14109.3
273.9 14001.6
274.9 13896.0
275.9 13792.6
276.9 13691.2
277.9 13591.9
278.9 13494.5
279.9 13399.2
280.9 13305.7
281.9 13214.2
282.9 13124.5
283.9 13036.7
284.9 12950.7
285.9 12866.4
286.9 12783.9
287.9 12703.1
288.9 12624.0
289.9 12546.5
290.9 12470.7
291.9 12396.5
292.9 12323.8
293.9 12252.8
294.9 12183.2
295.9 12115.2
296.9 12048.7
297.9 11983.6
298.9 11919.9
299.9 11857.7
300.9 11796.9
301.9 11737.5
302.9 11679.5
303.9 11622.8
304.9 11567.4
305.9 11513.3
306.9 11460.6
307.9 11409.1
308.9 11358.8
309.9 11309.8
310.9 11262.1
311.9 11215.5
312.9 11170.2
313.9 11126.0
314.9 11083.0
315.9 11041.2
316.9 11000.5
317.9 10960.9
318.9 10922.5
319.9 10885.2
320.9 10848.9
321.9 10813.8
322.9 10779.7
323.9 10746.7
324.9 10714.8
325.9 10683.9
326.9 10654.0
327.9 10625.1
328.9 10597.3
329.9 10570.5
330.9 10544.6
331.9 10519.8
332.9 10496.0
333.9 10473.1
334.9 10451.2
335.9 10430.2
336.9 10410.3
337.9 10391.2
338.9 10373.1
339.9 10356.0
340.9 10339.7
341.9 10324.4
342.9 10310.1
343.9 10296.6
344.9 10284.1
345.9 10272.4
346.9 10261.7
347.9 10251.8
348.9 10242.9
349.9 10234.8
350.9 10227.7
351.9 10221.4
352.9 10216.0
353.9 10211.5
354.9 10207.8
355.9 10205.1
356.9 10203.2
357.9 10202.2
358.9 10202.0
359.9 10202.8
360.9 10204.4
361.9 10206.8
362.9 10210.1
363.9 10214.3
364.9 10219.4
365.9 10225.3
366.9 10232.1
367.9 10239.8
368.9 10248.3
369.9 10257.7
370.9 10267.9
371.9 10279.0
372.9 10291.0
373.9 10303.9
374.9 10317.6
375.9 10332.2
376.9 10347.7
377.9 10364.1
378.9 10381.3
379.9 10399.4
380.9 10418.5
381.9 10438.4
382.9 10459.1
383.9 10480.8
384.9 10503.4
385.9 10526.9
386.9 10551.2
387.9 10576.5
388.9 10602.7
389.9 10629.8
390.9 10657.9
391.9 10686.8
392.9 10716.7
393.9 10747.5
394.9 10779.3
395.9 10812.0
396.9 10845.6
397.9 10880.2
398.9 10915.7
399.9 10952.3
400.9 10989.7
401.9 11028.2
402.9 11067.6
403.9 11108.1
404.9 11149.5
405.9 11191.9
406.9 11235.3
407.9 11279.7
408.9 11325.2
409.9 11371.7
410.9 11419.2
411.9 11467.7
412.9 11517.3
413.9 11568.0
414.9 11619.7
415.9 11672.4
416.9 11726.3
417.9 11781.2
418.9 11837.2
419.9 11894.3
420.9 11952.5
421.9 12011.8
422.9 12072.3
423.9 12133.9
424.9 12196.6
425.9 12260.4
426.9 12325.4
427.9 12391.6
428.9 12458.9
429.9 12527.4
430.9 12597.0
431.9 12667.9
432.9 12740.0
433.9 12813.2
434.9 12887.7
435.9 12963.4
436.9 13040.3
437.9 13118.4
438.9 13197.8
439.9 13278.4
440.9 13360.2
441.9 13443.3
442.9 13527.7
443.9 13613.4
444.9 13700.3
445.9 13788.5
446.9 13878.0
447.9 13968.7
448.9 14060.8
449.9 14154.1
450.9 14248.8
451.9 14344.7
452.9 14441.9
453.9 14540.5
454.9 14640.3
455.9 14741.5
456.9 14843.9
457.9 14947.7
458.9 15052.8
459.9 15159.1
460.9 15266.8
461.9 15375.7
462.9 15486.0
463.9 15597.5
464.9 15710.3
465.9 15824.3
466.9 15939.7
467.9 16056.2
468.9 16174.0
469.9 16293.1
470.9 16413.3
471.9 16534.8
472.9 16657.4
473.9 16781.2
474.9 16906.1
475.9 17032.2
476.9 17159.4
477.9 17287.6
478.9 17416.9
479.9 17547.2
480.9 17678.5
481.9 17810.8
482.9 17944.0
483.9 18078.1
484.9 18213.0
485.9 18348.8
486.9 18485.3
487.9 18622.6
488.9 18760.5
489.9 18899.1
490.9 19038.2
491.9 19177.9
492.9 19318.0
493.9 19458.5
494.9 19599.4
495.9 19740.5
496.9 19881.8
497.9 20023.3
498.9 20164.8
499.9 20306.2
500.9 20447.6
501.9 20588.7
502.9 20729.5
503.9 20870.0
504.9 21010.0
505.9 21149.4
506.9 21288.1
507.9 21426.0
508.9 21563.0
509.9 21699.0
510.9 21833.8
511.9 21967.4
512.9 22106.1
514.0 22243.2
515.0 22378.5
516.1 22511.7
517.1 22642.8
518.2 22771.6
519.2 22897.9
520.3 23021.6
521.3 23142.4
522.4 23260.2
523.4 23374.8
524.5 23486.1
525.5 23593.8
526.6 23697.7
527.6 23797.7
528.7 23893.6
529.7 23985.2
530.8 24072.3
531.8 24154.6
532.9 24232.1
533.9 24304.5
535.0 24371.6
536.0 24433.3
537.1 24489.3
538.1 24539.5
539.2 24583.7
540.2 24621.7
541.3 24653.4
542.3 24678.5
543.4 24697.0
544.4 24708.7
545.5 24713.5
546.5 24711.1
547.6 24701.5
548.6 24684.6
549.7 24660.2
550.7 24628.2
551.8 24588.7
552.8 24541.4
553.9 24486.3
554.9 24423.5
556.0 24352.7
557.0 24274.1
558.1 24187.5
559.1 24093.1
560.2 23990.7
561.2 23880.5
562.3 23762.5
563.3 23636.7
564.4 23503.2
565.4 23362.2
566.5 23213.6
567.5 23057.7
568.6 22894.5
569.6 22724.2
570.7 22546.9
571.7 22362.9
572.8 22172.2
573.8 21975.2
574.9 21772.0
575.9 21562.7
577.0 21347.8
578.0 21127.3
579.1 20901.5
580.1 20670.7
581.2 20435.2
582.2 20195.1
583.3 19950.9
584.3 19702.7
585.4 19450.8
586.4 19195.5
587.5 18937.2
588.5 18676.0
589.6 18412.3
590.6 18146.4
591.7 17878.5
592.7 17608.9
593.8 17337.9
594.8 17065.9
595.9 16792.9
596.9 16519.4
598.0 16245.6
599.0 15971.6
600.1 15697.9
601.1 15424.6
602.2 15151.9
603.2 14880.2
604.2 14609.5
605.3 14340.1
606.3 14072.2
607.4 13806.0
608.4 13541.7
609.5 13279.4
610.5 13019.3
611.6 12761.6
612.6 12506.4
613.7 12253.8
614.7 12004.0
615.8 11757.0
616.8 11513.1
617.9 11272.2
618.9 11034.5
620.0 10800.0
621.0 10568.9
622.1 10341.1
623.1 10116.8
624.2 9896.0
625.2 9678.7
626.3 9465.0
627.3 9254.9
628.4 9048.4
629.4 8845.5
630.5 8646.3
631.5 8450.7
632.6 8258.8
633.6 8070.5
634.7 7885.8
635.7 7704.8
636.8 7527.4
637.8 7353.5
638.9 7183.2
639.9 7016.4
641.0 6853.1
642.0 6693.3
643.1 6536.8
644.1 6383.8
645.2 6234.1
646.2 6087.7
647.3 5944.5
648.3 5804.5
649.4 5667.7
650.4 5534.0
651.5 5403.4
652.5 5275.7
653.6 5151.0
654.6 5029.2
655.7 4910.3
656.7 4794.2
657.8 4680.8
658.8 4570.1
659.9 4462.0
660.9 4356.5
662.0 4253.6
663.0 4153.1
664.1 4055.1
665.1 3959.4
666.2 3866.1
667.2 3775.0
668.3 3686.2
669.3 3599.5
670.4 3515.0
671.4 3432.5
672.5 3352.1
673.5 3273.7
674.6 3197.2
675.6 3122.6
676.7 3049.8
677.7 2978.8
678.8 2909.6
679.8 2842.1
680.9 2776.3
681.9 2712.1
683.0 2649.5
684.0 2588.5
685.1 2529.0
686.1 2471.0
687.2 2414.4
688.2 2359.2
689.3 2305.4
690.3 2252.9
691.4 2201.7
692.4 2151.8
693.5 2103.1
694.5 2055.7
695.6 2009.4
696.6 1964.2
697.7 1920.2
698.7 1877.3
700.7 0.0
4000.0 0.0
